time,y_test,TREEy_test_pred,RFy_test_pred,SVMy_test_pred,BRy_test_pred,LRy_test_pred,cnn_y_test_pred
0.0,0.0,0.0,0.018249988555908203,0.20027446746826172,0.0,0.0,0.07101941108703613
2020-08-11 06:00,0.8,80.6,34.92400000000001,0.23364486450455502,22.289325721690233,22.28781077191968,69.35260009765625
2020-08-11 23:20,0.0,37.53333333333333,33.859199999999994,0.27376868913438557,23.2530360102958,23.25136422652497,23.490135192871094
2020-08-11 01:40,0.0,74.1,72.81160000000001,0.27075762851268337,25.096985546520926,25.09536420167143,76.8895263671875
2020-08-11 22:05,0.0,90.2,38.06919999999998,0.31663738115312867,25.381541798124033,25.37973149578309,33.1135139465332
2020-08-11 05:05,0.0,80.6,36.004000000000005,0.23766620669317717,22.6205177338675,22.61898987766358,70.84999084472656
2020-08-11 22:25,0.0,37.53333333333333,35.37119999999998,0.2800771213887856,23.664990968503105,23.663258494618844,26.522369384765625
2020-08-11 12:00,737.4,728.8,760.9947999999995,783.2819451045091,785.377678796192,785.3749037634645,761.9572143554688
2020-08-11 22:50,0.0,0.0,43.28199999999999,0.38909797981284555,28.695479141385334,28.693583580771985,31.802776336669922
2020-08-11 01:05,0.0,94.1,81.09839999999991,0.30721655414455995,26.815584120385296,26.81393628449004,70.9960708618164
2020-08-11 14:25,467.2,437.75,466.12479999999925,447.96039819882515,468.60998250555417,468.60552327415667,462.4371643066406
2020-08-11 18:35,70.2,97.1,46.54320000000003,0.40245112028176777,28.46867189557281,28.46505642749554,56.35581588745117
2020-08-11 14:55,352.6,362.6067264573988,365.3855999999995,335.9460995143605,353.0669974358886,353.06263457144627,359.7176208496094
2020-08-11 02:25,0.0,72.8,72.07159999999993,0.26146726662665287,24.418437580763026,24.416847499738736,75.08615112304688
2020-08-11 10:10,646.8,677.0235294117648,669.8823999999995,671.4649869678565,678.6508558095809,678.6475147260718,660.9668579101562
2020-08-11 01:10,0.0,74.1,72.81160000000001,0.27075762851268337,25.096985546520926,25.09536420167143,76.8895263671875
2020-08-11 17:50,130.5,153.30214205186013,166.99319999999983,112.18150596091175,133.73786129624241,133.73402494982693,159.58291625976562
2020-08-11 08:40,220.3,252.5117647058823,254.59840000000017,224.0091706797689,244.81029750372178,244.80905361055594,257.8724670410156
2020-08-11 09:20,414.2,442.06250000000006,468.0939999999998,447.75996565320247,461.9546070911681,461.9510910619796,462.2432861328125
2020-08-11 23:45,0.0,90.2,36.15079999999998,0.3074358225777303,24.630265420708668,24.628425729742645,30.50829315185547
2020-08-11 18:50,49.4,37.53333333333333,36.061999999999976,0.3479733436547292,27.98649034138927,27.98473365449243,55.074100494384766
2020-08-11 16:20,249.4,305.4,259.6172000000003,224.03321512393407,242.45117182599193,242.44710456430712,259.93341064453125
2020-08-11 15:55,574.7,524.0,565.0043999999998,559.563346369521,566.644586313107,566.6412247456144,564.2324829101562
2020-08-11 10:25,666.2,677.0235294117648,669.5416,671.42627412309,676.6841661555787,676.6807951139326,658.716796875
2020-08-11 15:15,548.3,555.6874999999999,564.2395999999994,559.5614335258238,565.6040541263379,565.6002136581525,562.3278198242188
2020-08-11 11:35,728.3,720.6,756.5759999999996,783.3273777911938,787.549741688237,787.546748636615,762.1973266601562
2020-08-11 22:40,0.0,37.53333333333333,35.20999999999998,0.27935556063980016,23.57437621473349,23.572612002214697,27.55191421508789
2020-08-11 09:05,472.0,442.06250000000006,465.89199999999994,447.6969966467295,459.46052099753706,459.4579679476624,460.0546569824219
2020-08-11 18:55,46.4,97.1,53.92480000000002,0.4605711557059635,32.89029838685761,32.888352288020116,54.645301818847656
2020-08-11 22:00,0.0,37.53333333333333,35.730799999999974,0.2826566031109792,23.802844577528475,23.801073234544475,30.508941650390625
2020-08-11 11:20,668.0,632.5,678.3375999999995,671.3973503304874,676.1705496119918,676.1674212403369,656.7987060546875
2020-08-11 18:00,111.0,153.30214205186013,165.91799999999992,112.21003055206558,134.81239746456436,134.80846946879285,163.0811309814453
2020-08-11 05:20,0.0,80.6,34.92400000000001,0.23502085939355766,22.384732094409458,22.38321273693046,69.40550994873047
2020-08-11 07:15,81.5,89.87777777777778,73.07999999999997,0.3282664664498611,28.204904881161752,28.20315501977231,79.1556396484375
2020-08-11 14:20,375.2,362.6067264573988,365.7691999999998,336.0515602397022,357.79998834862204,357.7947034855375,361.0733642578125
2020-08-11 16:15,316.6,362.6067264573988,367.11719999999957,335.94347377942694,353.0205536839761,353.01626950953346,359.3257751464844
2020-08-11 14:45,344.9,397.775,364.44280000000003,336.2447670738846,366.23666087958964,366.232287463568,364.57574462890625
2020-08-11 04:25,0.0,80.6,36.56720000000002,0.24173086428936585,22.960362092875812,22.958829467519877,72.49993896484375
2020-08-11 14:05,596.9,555.6874999999999,555.025199999999,559.7235633690873,573.6709059709409,573.6670067448509,565.077392578125
2020-08-11 07:40,133.1,149.54516765286,153.9256000000001,112.17186147773667,136.74442266509254,136.74292054027143,165.366943359375
2020-08-11 16:10,315.4,362.6067264573988,365.0563999999996,335.9130779590074,351.50911959846974,351.5046089918492,360.4315490722656
2020-08-11 19:05,37.7,97.1,45.35120000000003,0.37708626995384975,28.892942929395645,28.891132161342085,48.513404846191406
2020-08-11 05:00,0.0,80.6,36.004000000000005,0.24041819582470225,22.81133047930598,22.80979380768514,70.97245788574219
2020-08-11 20:45,0.0,37.53333333333333,33.34079999999997,0.2778011522594568,23.519957315996635,23.518246833798486,32.54907989501953
2020-08-11 07:35,128.8,149.54516765286,149.68440000000004,112.13794180586461,135.1949964214822,135.1935171730302,165.79791259765625
2020-08-11 09:10,503.2,442.06250000000006,464.4204,447.6673838667984,457.89587313753884,457.8931157247364,459.7633972167969
2020-08-11 00:30,0.0,76.7,74.82840000000007,0.31031198293328544,27.030273228926973,27.028560130283296,72.39775848388672
2020-08-11 01:35,0.0,74.1,72.81160000000001,0.27087510788564373,25.114120315169117,25.112499333598606,76.82025909423828
2020-08-11 11:40,743.9,720.6,753.2803999999994,783.2122509015435,782.2673085522766,782.2646985490119,754.205078125
2020-08-11 09:30,477.1,496.2,461.90039999999976,447.72651790360965,460.0022135354651,459.99752585885346,461.8995361328125
2020-08-11 20:20,0.0,0.0,32.27479999999997,0.3483262494661403,26.54049819821239,26.538658057282646,30.82162094116211
2020-08-11 18:30,65.9,90.2,40.45199999999998,0.3632587120320352,26.686551552859953,26.682950685686933,60.05157470703125
2020-08-11 18:20,78.9,97.1,52.11680000000003,0.4767092701519573,31.705105859702513,31.70133089902484,61.942657470703125
2020-08-11 03:40,0.0,80.6,37.75240000000001,0.24537706852913743,23.320203558905632,23.318715721962178,74.37220764160156
2020-08-11 19:35,10.8,37.53333333333333,33.90719999999997,0.2915344148942438,24.646749452718865,24.64502543847661,46.078121185302734
2020-08-11 14:35,365.7,362.6067264573988,365.1751999999995,335.9408482672216,352.59811189104266,352.59372808141705,358.6941833496094
2020-08-11 14:30,386.9,358.1875000000001,363.0227999999997,335.89904692719847,351.3718998174427,351.3679863671374,358.5602722167969
2020-08-11 15:35,612.9,555.6874999999999,563.3495999999994,559.6090557461808,568.1219660779781,568.1180589579442,563.7049560546875
2020-08-11 00:35,0.0,85.4,68.7552,0.2753580899668009,25.505590934496382,25.503960618771742,77.64749145507812
2020-08-11 03:25,0.0,80.6,34.765600000000035,0.2800825139691483,24.81072297084887,24.809172194977492,67.63682556152344
2020-08-11 13:20,602.5,534.9,568.5908000000001,559.6103370036685,568.9198710259676,568.9153792154189,563.5853271484375
2020-08-11 03:20,0.0,80.6,33.20640000000001,0.2448118951730578,23.24715883777654,23.245675111736517,74.0661849975586
2020-08-11 08:55,321.4,334.5,360.3020000000001,335.84211368296565,352.4663624253923,352.46538430152805,357.5144958496094
2020-08-11 23:55,0.0,37.53333333333333,38.020000000000024,0.27766607596302606,23.627119340935394,23.625384787172408,34.93400573730469
2020-08-11 23:00,0.0,0.0,36.0876,0.3471620139597462,26.39592322615252,26.394039791695576,26.519775390625
2020-08-11 17:15,151.0,153.30214205186013,165.86919999999992,112.18770231891088,136.2587727395891,136.25720974487575,159.13803100585938
2020-08-11 06:15,8.6,72.8,71.84599999999993,0.23830865206002727,22.64430586881511,22.642773494196007,69.72401428222656
2020-08-11 09:55,658.4,632.5,673.4487999999996,671.4217020253184,676.4986910789679,676.4944883884198,655.6304321289062
2020-08-11 03:00,0.0,80.6,39.44920000000001,0.28447050423341125,25.21248010956029,25.2109566028752,68.00164794921875
2020-08-11 13:45,774.3,720.6,756.8023999999998,783.2379876613554,781.523973039646,781.5195248075681,756.1986694335938
2020-08-11 10:20,596.0,516.1,562.5440000000008,559.5833051003294,569.1558694365978,569.1518789382708,560.8094482421875
2020-08-11 13:15,418.5,459.4,467.28959999999944,447.7636198211838,460.59971235385603,460.5953520965719,461.2369384765625
2020-08-11 15:05,605.6,555.6874999999999,559.6931999999993,559.6768418775218,571.4242711868218,571.4206368986341,565.7108154296875
2020-08-11 19:15,31.2,24.7,53.99440000000001,0.41391381354804935,30.36229611046707,30.360267279857965,49.8057746887207
2020-08-11 01:45,0.0,74.1,68.56759999999998,0.27132280181777446,25.170030267650134,25.168404811897204,77.14695739746094
2020-08-11 01:20,0.0,80.6,37.401600000000016,0.2675579452458692,24.85026284860143,24.8486547933513,76.68516540527344
2020-08-11 15:20,671.5,676.7363636363635,669.4099999999996,671.4069215689235,673.7764901671563,673.7725132629215,660.4263305664062
2020-08-11 12:40,933.5,1021.1,992.9336000000005,1006.930685084687,998.6512693008249,998.6478705332916,935.3131713867188
2020-08-11 03:50,0.0,80.6,36.56720000000002,0.24418915539067143,23.108337916693813,23.106795567723537,72.72860717773438
2020-08-11 12:25,799.0,720.6,757.1679999999996,783.3223404938349,787.04962393439,787.0466089825825,761.201171875
2020-08-11 11:10,651.9,632.5,668.3516,671.3858215499929,674.7844423290841,674.7814055842666,657.224365234375
2020-08-11 19:50,2.9,0.0,47.463599999999985,0.3960168726887332,29.111985566121433,29.11001923285329,41.33441162109375
2020-08-11 20:05,0.0,37.53333333333333,35.30479999999997,0.31530956905035623,25.267930095306696,25.266164043051333,34.54955291748047
2020-08-11 06:45,44.2,76.7,73.70040000000007,0.33274705405156624,27.400450182026532,27.398667497978323,59.63264083862305
2020-08-11 22:45,0.0,37.53333333333333,35.78439999999997,0.31341493479988003,25.153566349103954,25.15178555079325,28.69293975830078
2020-08-11 14:15,970.4,951.6090909090909,960.7159999999993,1006.9630383582651,999.2196456213362,999.2157573150447,938.97802734375
2020-08-11 08:25,209.1,252.5117647058823,251.3180000000002,223.9856227171005,243.04565442503676,243.04448684733916,255.65882873535156
