time,y_test,TREEy_test_pred,RFy_test_pred,SVMy_test_pred,BRy_test_pred,LRy_test_pred,cnn_y_test_pred
0.0,0.0,0.0009965896606445312,0.031914710998535156,0.14162158966064453,0.0,0.0,0.08377742767333984
2020-08-11 06:00,0.8,4.3,15.929200000000002,0.10046638940607977,21.26656810500188,21.266043640494956,11.388298034667969
2020-08-11 23:20,0.0,11.299999999999995,36.70560000000001,0.10009410934003427,14.793986482913425,14.793759688957465,38.823795318603516
2020-08-11 01:40,0.0,4.3,12.804400000000008,0.1004565038688554,21.804663784497592,21.804084031520546,16.662044525146484
2020-08-11 22:05,0.0,11.299999999999995,35.050000000000004,0.10016084620505694,16.22227704161122,16.221985312595763,45.48394012451172
2020-08-11 05:05,0.0,4.3,15.8428,0.10046569428334351,21.34313453153132,21.34260084910423,11.975286483764648
2020-08-11 22:25,0.0,11.299999999999995,35.856400000000015,0.10012681565339676,15.25007961955393,15.249831630888309,41.67656707763672
2020-08-11 12:00,737.4,656.3,654.5264000000011,653.9999918737635,660.9235553859841,660.9242928653136,634.4243774414062
2020-08-11 22:50,0.0,11.299999999999995,35.53480000000001,0.10026083879347425,18.950328119010152,18.949931089877907,41.68083953857422
2020-08-11 01:05,0.0,4.3,16.579599999999996,0.10047023321740767,22.65616217163955,22.655547227189174,17.42403793334961
2020-08-11 14:25,467.2,406.9,398.4344000000001,373.75725070493445,388.0289992042591,388.02920492370697,375.1184997558594
2020-08-11 18:35,70.2,4.971764705882353,29.907199999999992,0.10013515721155386,17.246824904698627,17.24651257108644,53.03309631347656
2020-08-11 14:55,352.6,264.6,304.96120000000013,280.3428869595267,292.791167152656,292.7913500544552,291.70416259765625
2020-08-11 02:25,0.0,4.3,15.429599999999997,0.10046626808147607,21.813353798002424,21.81278272865069,14.573848724365234
2020-08-11 10:10,646.8,544.8,565.748,560.5858458596715,571.6915621284995,571.6920314628757,547.0913696289062
2020-08-11 01:10,0.0,4.3,12.804400000000008,0.1004565038688554,21.804663784497592,21.804084031520546,16.662044525146484
2020-08-11 17:50,130.5,98.0,117.76079999999997,93.51439493391823,108.2901045803837,108.28998350337547,112.56198120117188
2020-08-11 08:40,220.3,222.6555555555555,218.70520000000013,186.92888828806002,204.99531408522512,204.99505758198976,201.15696716308594
2020-08-11 09:20,414.2,419.0,399.77879999999993,373.7574048321819,389.4357346435022,389.43582587695687,374.9517822265625
2020-08-11 23:45,0.0,11.299999999999995,34.810800000000015,0.10018583309187079,16.233545589238304,16.23326006942554,44.786197662353516
2020-08-11 18:50,49.4,67.15,29.547999999999995,0.10014277274490269,16.834379319996486,16.834032958226317,52.08127975463867
2020-08-11 16:20,249.4,222.6555555555555,218.54400000000007,186.92873989776007,201.86528694467964,201.86525887220154,204.3070831298828
2020-08-11 15:55,574.7,445.1,459.29760000000016,467.17136271146404,474.8905920661854,474.8911461497231,464.65570068359375
2020-08-11 10:25,666.2,544.8,564.9648000000001,560.5858138142933,570.5883544659505,570.5888835385205,546.5178833007812
2020-08-11 15:15,548.3,445.1,458.95480000000003,467.17135114515065,474.13709684036553,474.13770990883904,463.94189453125
2020-08-11 11:35,728.3,656.3,654.2928000000009,653.9999746864357,661.3642542775294,661.364964641577,635.1498413085938
2020-08-11 22:40,0.0,11.299999999999995,35.57080000000002,0.1001395988949696,15.299587857443044,15.299337754211052,41.882957458496094
2020-08-11 09:05,472.0,362.1,398.0995999999999,373.75741723941485,388.6768478028223,388.67696389885486,374.923095703125
2020-08-11 18:55,46.4,4.971764705882353,25.8652,0.1001605617187522,18.4977046952892,18.49728692366952,38.07497787475586
2020-08-11 22:00,0.0,11.299999999999995,35.62320000000002,0.1001016297990418,14.731325762087238,14.731092558089955,39.012393951416016
2020-08-11 11:20,668.0,544.8,567.9964000000002,560.5859084588342,572.0988378775018,572.0992942280823,549.0100708007812
2020-08-11 18:00,111.0,98.0,113.71400000000006,93.5145060376983,110.20962660959506,110.20943703192125,109.99273681640625
2020-08-11 05:20,0.0,4.3,15.8428,0.10046676350012262,21.292386078694193,21.2918599388791,11.582812309265137
2020-08-11 07:15,81.5,4.3,20.238000000000024,0.10042267414928574,22.091061253563197,22.090463775724942,23.280221939086914
2020-08-11 14:20,375.2,264.6,305.18480000000017,280.3429778922672,295.4020701903213,295.4021334982742,291.355224609375
2020-08-11 16:15,316.6,264.6,304.2768000000001,280.3428948354612,292.57294192208667,292.573122883552,292.05426025390625
2020-08-11 14:45,344.9,342.7,308.18440000000004,280.3431475355298,299.4663483187733,299.46624208243486,286.2695617675781
2020-08-11 04:25,0.0,4.3,15.9556,0.10046206170849814,21.387589524287108,21.38704922562991,12.387356758117676
2020-08-11 14:05,596.9,445.1,457.3560000000002,467.17143774705283,478.21012065194975,478.2105411779619,462.807373046875
2020-08-11 07:40,133.1,88.0,118.23559999999996,93.51464607744096,113.41499363956565,113.41456909490367,107.94530487060547
2020-08-11 16:10,315.4,299.7,302.7024000000001,280.3428350114609,291.5309199249597,291.53114955056674,293.18896484375
2020-08-11 19:05,37.7,4.971764705882353,28.062799999999996,0.10010377385344782,16.41827015523475,16.417943728195212,45.99553680419922
2020-08-11 05:00,0.0,4.3,15.9556,0.10046644228802393,21.394770478915973,21.394233445872487,12.364309310913086
2020-08-11 20:45,0.0,11.299999999999995,35.490400000000015,0.10012480315364769,15.185167911655952,15.184924224614036,43.173973083496094
2020-08-11 07:35,128.8,88.0,120.21679999999996,93.51464389875896,112.77704608981924,112.77664916323805,107.80192565917969
2020-08-11 09:10,503.2,416.6666666666667,394.90479999999997,373.75737348613694,387.5701716322346,387.57033958845625,374.5132751464844
2020-08-11 00:30,0.0,4.3,16.907199999999996,0.10048180061104972,22.69014830577916,22.689524780171013,17.43042755126953
2020-08-11 01:35,0.0,4.3,15.429599999999997,0.10046178641223946,21.898927951899395,21.89834458115851,16.258747100830078
2020-08-11 11:40,743.9,656.3,654.428800000001,653.9997541464156,656.3676838146608,656.3685904768867,640.3654174804688
2020-08-11 09:30,477.1,416.6666666666667,395.55719999999997,373.75740754316325,389.01058444596214,389.0107062593074,375.4424133300781
2020-08-11 20:20,0.0,11.299999999999995,35.53320000000001,0.10016257013074892,16.575073498216028,16.57477399614129,44.48474884033203
2020-08-11 18:30,65.9,4.971764705882353,31.833599999999993,0.10017097369942007,17.126886182611685,17.12658107530254,55.910831451416016
2020-08-11 18:20,78.9,4.971764705882353,30.558400000000013,0.10021790442561951,19.15461955369838,19.15422628301775,43.73186111450195
2020-08-11 03:40,0.0,4.3,13.330400000000008,0.10044668028825754,21.226239422396077,21.22569853712139,13.434266090393066
2020-08-11 19:35,10.8,67.15,33.87920000000001,0.10011730464827906,15.222417372473473,15.222152703922006,44.14790344238281
2020-08-11 14:35,365.7,264.6,305.9136000000001,280.34292272178914,292.9213534688112,292.9215361674032,290.9757385253906
2020-08-11 14:30,386.9,341.8,307.19600000000014,280.3430053542212,293.86428172749515,293.86441623886793,289.34716796875
2020-08-11 15:35,612.9,445.1,458.87160000000006,467.1713631630113,475.35486381951125,475.3554176300481,464.12860107421875
2020-08-11 00:35,0.0,4.3,12.630800000000008,0.10045659587120781,21.946430347597413,21.945838252315923,16.557384490966797
2020-08-11 03:25,0.0,4.3,17.207200000000004,0.10045846728559127,21.788976586663182,21.78841331552178,15.207465171813965
2020-08-11 13:20,602.5,445.1,462.65800000000036,467.17142028492,476.77096620712905,476.77143119484697,464.5997619628906
2020-08-11 03:20,0.0,4.3,13.238000000000008,0.10044163515908622,21.105361810201657,21.104827555442256,13.89345932006836
2020-08-11 08:55,321.4,341.8,304.118,280.3431027880939,295.96086416512804,295.96080327989046,287.67401123046875
2020-08-11 23:55,0.0,11.299999999999995,34.39320000000001,0.10020514320831353,16.53190858491388,16.53161135566529,45.13732147216797
2020-08-11 23:00,0.0,11.299999999999995,35.020400000000016,0.10014644165207187,16.174881534467374,16.17459479763832,41.0975341796875
2020-08-11 17:15,151.0,98.0,115.41239999999993,93.51439614500892,108.32286825458864,108.32267430208687,111.00782775878906
2020-08-11 06:15,8.6,4.3,15.329199999999995,0.10047123601842145,21.44133359642285,21.440798379917055,11.606602668762207
2020-08-11 09:55,658.4,544.8,567.5432,560.5859071164239,572.4680350927738,572.4684953584319,547.7658081054688
2020-08-11 03:00,0.0,4.3,17.105600000000006,0.10045587507610776,22.035109589520886,22.034533779920338,15.086969375610352
2020-08-11 13:45,774.3,656.3,654.5792000000013,653.9998443201297,658.1716021926259,658.1725225322762,636.2567749023438
2020-08-11 10:20,596.0,445.1,469.5971999999998,467.17172565992104,482.0243983200945,482.0246323706947,462.18511962890625
2020-08-11 13:15,418.5,406.9,401.9023999999996,373.7571873986884,385.4514097015868,385.45170327950234,377.21099853515625
2020-08-11 15:05,605.6,445.1,458.0464000000001,467.1714163138276,477.19167490599966,477.1921483196594,462.72869873046875
2020-08-11 19:15,31.2,4.971764705882353,26.48120000000001,0.1001615829150353,17.375686805697626,17.375322998989674,36.356590270996094
2020-08-11 01:45,0.0,4.3,15.255999999999997,0.10046154900328474,21.925541396692097,21.924955013199735,16.202356338500977
2020-08-11 01:20,0.0,4.3,15.943200000000001,0.10045599318644349,21.726414392320265,21.725841002711064,16.333160400390625
2020-08-11 15:20,671.5,544.8,564.8988000000003,560.5856182483578,566.3656952087326,566.3664624976592,549.7031860351562
2020-08-11 12:40,933.5,819.9,821.1044,840.82821503269,839.2612275037278,839.2625301801613,801.2329711914062
2020-08-11 03:50,0.0,4.3,13.35120000000001,0.10044960340883335,21.203565053167296,21.203030448303252,13.716018676757812
2020-08-11 12:25,799.0,656.3,654.9736000000012,653.9999367748002,660.4400035329243,660.4407525145295,636.1124877929688
2020-08-11 11:10,651.9,544.8,567.52,560.5854812287585,564.5331769433102,564.5339236292069,555.4708251953125
2020-08-11 19:50,2.9,11.299999999999995,32.546400000000006,0.10023711147258041,18.341206495706047,18.340824289672014,38.64353561401367
2020-08-11 20:05,0.0,11.299999999999995,35.925200000000004,0.10012641646463294,15.701141441350671,15.700872991153915,46.16729736328125
2020-08-11 06:45,44.2,4.3,15.340000000000003,0.10045517591862563,22.390030936231312,22.389436269654055,24.768314361572266
2020-08-11 22:45,0.0,11.299999999999995,35.37400000000002,0.10016842782476942,16.382242799405674,16.38195000202532,45.627017974853516
2020-08-11 14:15,970.4,789.1,820.8984000000002,840.8283289350755,841.190380403201,841.1916533479657,798.382080078125
2020-08-11 08:25,209.1,222.6555555555555,215.78640000000007,186.92889631443558,204.49860328110213,204.4983837292629,200.47508239746094
