time,y_test,TREEy_test_pred,RFy_test_pred,SVMy_test_pred,BRy_test_pred,LRy_test_pred,MPLy_test_pred,cnn_y_test_pred
0.0,0.0,0.0,0.013962984085083008,0.03988218307495117,0.0,0.0,0.001994609832763672,0.026927471160888672
2020-08-11 06:00,0.8,0.0,26.442800000000023,0.10018991986169112,21.09412780002549,21.093311240846873,-67.70572511080454,77.48633575439453
2020-08-11 23:20,0.0,0.0,36.49679999999999,0.09994241774305124,14.677933923963593,14.677521586033663,-18.922870467071558,63.71266555786133
2020-08-11 01:40,0.0,0.0,23.245600000000014,0.10017217004252643,21.627232893697595,21.62633760806142,-68.25130709757435,78.04242706298828
2020-08-11 22:05,0.0,0.0,34.43800000000001,0.10003223954890927,16.1626132424137,16.162109173797063,22.925678403210064,65.84960174560547
2020-08-11 05:05,0.0,0.0,25.409200000000023,0.10018911946087883,21.168593513500923,21.167763893718643,-68.28707145875458,77.14864349365234
2020-08-11 22:25,0.0,0.0,36.3116,0.09997858629901657,15.167084442688036,15.16664338424144,7.714282257230159,65.93446350097656
2020-08-11 12:00,737.4,616.0,649.5948000000008,653.9004181556826,660.9045674086135,660.9053718997684,495.4422830099979,636.4608764648438
2020-08-11 22:50,0.0,0.0,34.4624,0.10014818947811932,18.82867083833463,18.828011259814673,19.217483656084305,75.8061294555664
2020-08-11 01:05,0.0,0.0,24.657200000000017,0.10019335935896834,22.44462784394281,22.443678972966296,-46.24798291267226,78.0010757446289
2020-08-11 14:25,467.2,416.8,399.2076000000002,373.7004953619916,387.99184538237625,387.99183547232934,280.11772478203284,386.38580322265625
2020-08-11 18:35,70.2,0.0,33.6668,0.10010343630540319,17.06902795621312,17.068381067795883,26.95066233718392,69.7238540649414
2020-08-11 14:55,352.6,259.0,303.11239999999987,280.30025019926035,292.5861097755544,292.58607461877136,201.5637398712289,299.9902038574219
2020-08-11 02:25,0.0,0.0,24.46200000000002,0.10018248448878353,21.63146966741465,21.630587036548633,-70.06588869561097,77.44664764404297
2020-08-11 10:10,646.8,599.5,563.7388000000003,560.5004693490625,571.5586648368665,571.559067710746,430.166701337502,555.8883666992188
2020-08-11 01:10,0.0,0.0,23.245600000000014,0.10017217004252643,21.627232893697595,21.62633760806142,-68.25130709757435,78.04242706298828
2020-08-11 17:50,130.5,89.8,119.29519999999994,93.50013085041293,108.12484710915959,108.12444665978994,46.234945917701715,124.81710815429688
2020-08-11 08:40,220.3,242.5,220.95480000000018,186.9001851905738,204.77971785573382,204.77927474747855,80.25039010725763,211.73861694335938
2020-08-11 09:20,414.2,362.1,397.9292000000001,373.70041390711924,389.1449341602714,389.14481329043633,218.4754607616222,381.1214904785156
2020-08-11 23:45,0.0,0.0,33.73760000000001,0.10006930462421337,16.22608162877998,16.225587953624284,21.682098989303952,65.80599212646484
2020-08-11 18:50,49.4,0.0,34.3188,0.0999887204737604,16.68997008978664,16.689392010828442,25.073229741002656,71.75008392333984
2020-08-11 16:20,249.4,242.5,224.17280000000005,186.9002606586582,201.62031444185826,201.62001774229682,132.57293991860934,213.01954650878906
2020-08-11 15:55,574.7,449.8,461.03800000000007,467.10024996977415,474.7322137046288,474.7327373849907,333.2837691518747,472.9693603515625
2020-08-11 10:25,666.2,599.5,564.4172,560.5004312977642,570.4379967219013,570.4384795292101,412.8395785213979,557.781982421875
2020-08-11 15:15,548.3,449.8,459.19120000000004,467.1002801041665,474.0826115083932,474.0831939715946,336.3082939365445,473.0340881347656
2020-08-11 11:35,728.3,616.0,650.3396000000008,653.9004235835642,661.3325469661758,661.3332994557722,488.62101873822087,636.9527587890625
2020-08-11 22:40,0.0,0.0,36.906000000000006,0.0999982732008391,15.251304800787096,15.250861949599084,17.42421983129917,65.8587417602539
2020-08-11 09:05,472.0,362.1,396.06759999999997,373.7003700059313,388.4366966022371,388.4366710771475,228.7313626239785,378.14678955078125
2020-08-11 18:55,46.4,0.0,28.718000000000007,0.10006663773094715,18.40446107873578,18.403773207608026,31.18381821807941,73.06421661376953
2020-08-11 22:00,0.0,0.0,37.390800000000006,0.0999653164370784,14.703712931660704,14.703294157666164,17.882451236281135,64.22578430175781
2020-08-11 11:20,668.0,604.7,566.4112000000001,560.500483493347,571.8129493388324,571.8133425481849,452.1047220309124,546.3665161132812
2020-08-11 18:00,111.0,89.8,119.01879999999994,93.5002597098577,110.06849844958319,110.06800096640634,47.65739985845875,124.30406951904297
2020-08-11 05:20,0.0,0.0,25.409200000000023,0.10018974864129859,21.119840712824185,21.11902171516212,-67.99854311394675,77.53914642333984
2020-08-11 07:15,81.5,0.0,24.544000000000025,0.10016082370546542,21.87297309761854,21.87204455329936,-15.668653019384102,81.95481872558594
2020-08-11 14:20,375.2,259.0,301.5467999999998,280.3004174133305,295.28488936153644,295.28464210311864,221.02392146789597,300.86077880859375
2020-08-11 16:15,316.6,259.0,301.00279999999975,280.3002695251439,292.4616238200267,292.4615984566148,215.30400297632124,299.71905517578125
2020-08-11 14:45,344.9,337.0,303.942,280.3006824653628,299.67139395868253,299.67098457780116,227.9192654246814,297.6100158691406
2020-08-11 04:25,0.0,0.0,25.409200000000023,0.10018485750575223,21.21105259413318,21.210214032300854,-68.89962617913986,76.80581665039062
2020-08-11 14:05,596.9,449.8,461.8336000000001,467.10039773880476,478.08751022141536,478.087815824967,328.80905711235164,473.996826171875
2020-08-11 07:40,133.1,162.6,119.42919999999998,93.50016709376708,113.19377787143944,113.19309558852292,35.075401412710555,127.25192260742188
2020-08-11 16:10,315.4,259.0,304.3128,280.30019696175736,291.3202759132046,291.3202970432577,200.3334570238027,299.809326171875
2020-08-11 19:05,37.7,0.0,31.4576,0.09998025198737537,16.328232871015757,16.327679560209845,27.539257214561502,68.21731567382812
2020-08-11 05:00,0.0,0.0,25.409200000000023,0.10018877702154327,21.220019339098315,21.219184842349165,-68.85445149348843,77.25424194335938
2020-08-11 20:45,0.0,0.0,36.48479999999999,0.09997629369306082,15.09801410678574,15.097580307787297,19.155527326207796,66.637939453125
2020-08-11 07:35,128.8,162.6,119.96799999999998,93.50015392977419,112.58232973521065,112.58169049465344,38.9212059200455,125.48158264160156
2020-08-11 09:10,503.2,362.1,395.23439999999994,373.70032511395215,387.32251450458637,387.32254793879974,220.13954456089286,379.0657043457031
2020-08-11 00:30,0.0,0.0,24.636400000000013,0.1002182167462422,22.542360797900074,22.5414020211702,-50.5941936038273,79.04399108886719
2020-08-11 01:35,0.0,0.0,24.58080000000002,0.10017658463345924,21.718009962891244,21.717109597371433,-68.52387817222218,77.69772338867188
2020-08-11 11:40,743.9,631.6,651.2436000000007,653.9001591099578,656.3605037354835,656.3615491176172,497.19812835949324,635.3928833007812
2020-08-11 09:30,477.1,362.1,394.8491999999999,373.7004453793409,388.6686765065614,388.6685292632403,229.6656596736776,379.8841857910156
2020-08-11 20:20,0.0,0.0,32.6632,0.10005282973250473,16.5267877079649,16.526270431918903,26.76237416219538,67.9215316772461
2020-08-11 18:30,65.9,0.0,34.13040000000001,0.10012767998401273,16.976299802537795,16.975668253052845,6.052064021028783,70.69596099853516
2020-08-11 18:20,78.9,0.0,30.63559999999999,0.10023555530648309,19.0808658387395,19.080105306249862,22.71673571939364,73.07273864746094
2020-08-11 03:40,0.0,0.0,24.182800000000018,0.10016786136202427,21.057073837853608,21.056238043750028,-65.6530609841756,77.09134674072266
2020-08-11 19:35,10.8,0.0,35.75440000000001,0.09997247600955461,15.17391206101189,15.173453627351165,12.59165961058821,67.06819915771484
2020-08-11 14:35,365.7,259.0,301.96039999999977,280.3002980830844,292.79903107843097,292.7990007740069,217.12233066438895,299.574951171875
2020-08-11 14:30,386.9,294.72987012987016,301.4815999999998,280.3003289813456,293.697057702394,293.6969893987404,208.8712124367521,299.9273681640625
2020-08-11 15:35,612.9,449.8,460.3612000000001,467.10029429379176,475.21314378857977,475.2136338726916,336.4073065156254,473.2024841308594
2020-08-11 00:35,0.0,0.0,23.197200000000013,0.10017168043768265,21.764807926193384,21.76389539484134,-62.097494156679964,78.02728271484375
2020-08-11 03:25,0.0,0.0,25.089200000000016,0.10019802275596135,21.640664910401256,21.639795245883647,-51.69366934218889,77.62330627441406
2020-08-11 13:20,602.5,449.8,467.71760000000023,467.1003300711284,476.5903557359874,476.59068894016434,308.07073398026375,477.3169250488281
2020-08-11 03:20,0.0,0.0,23.560000000000013,0.10016298536561408,20.93926361869171,20.938437398224863,-62.911980941899266,76.83856964111328
2020-08-11 08:55,321.4,303.58000000000004,304.0851999999999,280.30018078469084,295.77020419947394,295.7700392211302,161.32930195333338,295.6744384765625
2020-08-11 23:55,0.0,0.0,37.30320000000001,0.10005065718533501,16.418620868371562,16.418111251866208,3.8044316053635354,77.13829040527344
2020-08-11 23:00,0.0,0.0,32.8664,0.10004834252220007,16.175071724019574,16.174571944093884,23.117998825209284,65.52835083007812
2020-08-11 17:15,151.0,89.8,117.98479999999994,93.5000335164486,108.30866869621286,108.30831413013831,51.79779336666509,124.52540588378906
2020-08-11 06:15,8.6,0.0,24.75560000000002,0.10019317855437748,21.26638249028514,21.265550311990324,-70.18205337030687,78.00700378417969
2020-08-11 09:55,658.4,599.5,564.9427999999999,560.500518274427,572.1639560506733,572.1642879579895,426.4884240070671,548.4905395507812
2020-08-11 03:00,0.0,0.0,25.24320000000002,0.10018429365362636,21.835117544502566,21.834228367975413,-50.33500081175993,77.18441772460938
2020-08-11 13:45,774.3,616.0,649.1628000000005,653.900320274353,657.9642489108047,657.9651906108526,549.4312600290019,635.3446044921875
2020-08-11 10:20,596.0,449.8,471.13719999999995,467.10053165123384,481.67068469630044,481.6707249095446,351.73675104518486,464.71636962890625
2020-08-11 13:15,418.5,416.8,400.0963999999998,373.7002885939701,385.2102176636008,385.21032512622605,235.43332150343159,390.8512878417969
2020-08-11 15:05,605.6,449.8,460.92840000000007,467.100356593102,477.0450993069168,477.04549251741827,339.96481865637054,473.22650146484375
2020-08-11 19:15,31.2,0.0,29.6228,0.10007567046730514,17.39697081428082,17.396361731357956,22.599709956619158,72.57344818115234
2020-08-11 01:45,0.0,0.0,23.514400000000013,0.1001770460425746,21.74504311285955,21.744138253586613,-64.21169510463639,78.29515838623047
2020-08-11 01:20,0.0,0.0,25.23440000000002,0.10017205107354243,21.54877391813187,21.54788800321569,-71.01067827117538,77.31686401367188
2020-08-11 15:20,671.5,607.8,564.0276000000001,560.5003323965391,566.2467558181943,566.2475301167425,406.0712825247955,554.462890625
2020-08-11 12:40,933.5,808.1,821.8572000000004,840.7002684780579,839.2638121256302,839.2653383953802,719.823281952456,788.5018920898438
2020-08-11 03:50,0.0,0.0,24.182800000000018,0.10017347860770087,21.03553574674649,21.034705007656328,-66.16252422363429,77.74712371826172
2020-08-11 12:25,799.0,616.0,650.8620000000006,653.9004012129326,660.4759261913696,660.4767345178391,486.93291746488563,636.7882690429688
2020-08-11 11:10,651.9,607.8,566.0008,560.5001165227382,564.5139222447801,564.5147287946556,382.98695400299664,556.5592651367188
2020-08-11 19:50,2.9,0.0,32.7084,0.10014344535474606,18.318188536526264,18.31755433950704,24.65474797630879,73.42950439453125
2020-08-11 20:05,0.0,0.0,35.76640000000001,0.09999495942133763,15.626234156220733,15.625763288861606,30.425877668320943,66.94515228271484
2020-08-11 06:45,44.2,0.0,23.01400000000001,0.10021511245932402,22.265826240828687,22.264900844596525,-43.259574048727295,81.78365325927734
2020-08-11 22:45,0.0,0.0,36.27440000000001,0.10003304870576812,16.28960513301581,16.289098333803537,22.81093940244049,66.4802017211914
2020-08-11 14:15,970.4,819.9,820.964,840.7004273897488,841.1456718033523,841.1471262931502,752.2680466501536,787.698486328125
2020-08-11 08:25,209.1,190.8,217.01360000000014,186.90020586135265,204.33853049580426,204.33814488020766,75.0489018031583,210.99746704101562
