time,y_test,TREEy_test_pred,RFy_test_pred,SVMy_test_pred,BRy_test_pred,LRy_test_pred,cnn_y_test_pred
0.0,0.0,0.000997304916381836,0.014992237091064453,0.21382617950439453,0.0,0.0008139610290527344,0.02911543846130371
2020-08-11 06:00,0.8,0.0,26.273999999999983,4.679594733018803,33.4604774593746,33.46616605915483,28.16727066040039
2020-08-11 23:20,0.0,0.0,20.306000000000004,6.114853365816714,38.959583406054094,38.966607195455424,33.91055679321289
2020-08-11 01:40,0.0,74.1,63.33720000000005,5.27496043242914,35.27867107830605,35.28441836147991,45.53123474121094
2020-08-11 22:05,0.0,0.0,20.460000000000004,7.3459377208300225,40.486877567007724,40.49408448939573,46.57259750366211
2020-08-11 05:05,0.0,0.0,28.41519999999998,4.756315959747155,33.57947558455112,33.58519613471688,30.87616729736328
2020-08-11 22:25,0.0,0.0,20.492000000000004,6.365410239759143,38.79311162451424,38.80025787280357,40.03697967529297
2020-08-11 12:00,737.4,779.1257142857145,738.8739999999989,742.3794419861134,768.2764358377726,768.3047096597198,757.6029663085938
2020-08-11 22:50,0.0,0.0,29.965999999999987,8.559051038865476,43.665023678371654,43.6721953133945,61.36393737792969
2020-08-11 01:05,0.0,62.4,63.76880000000007,5.85927989280853,37.3872911919988,37.39295699524524,35.672149658203125
2020-08-11 14:25,467.2,464.7161870503594,463.8379999999995,439.701316482223,487.3946480257252,487.4276691521829,461.2153015136719
2020-08-11 18:35,70.2,10.435714285714285,42.765999999999934,16.478185960637035,63.3278749564207,63.348901871970384,71.63689422607422
2020-08-11 14:55,352.6,263.3,339.59120000000024,332.45014203295807,378.633887498514,378.6669141094129,353.42791748046875
2020-08-11 02:25,0.0,72.8,62.04519999999999,5.1307364857365485,34.72805775559098,34.73377147752407,39.65589904785156
2020-08-11 10:10,646.8,699.0461538461537,667.4755999999999,640.4503720148876,672.3250644378286,672.3555058551452,664.830810546875
2020-08-11 01:10,0.0,74.1,63.33720000000005,5.27496043242914,35.27867107830605,35.28441836147991,45.53123474121094
2020-08-11 17:50,130.5,156.08704318936876,158.03159999999988,120.7013893411739,164.38764332177598,164.41306551919877,172.05636596679688
2020-08-11 08:40,220.3,253.77471264367816,258.2760000000002,212.7593857194844,238.0588270847606,238.06531263597083,251.23751831054688
2020-08-11 09:20,414.2,440.2830769230769,459.13800000000003,431.95573040378565,468.41187142652217,468.4401361020891,455.7835998535156
2020-08-11 23:45,0.0,0.0,25.004799999999992,7.432221790056445,39.65539126485845,39.6627357551821,45.44575119018555
2020-08-11 18:50,49.4,0.0,30.152399999999982,7.54455710108013,41.4277329290361,41.43443669485677,63.46726608276367
2020-08-11 16:20,249.4,304.1,258.5780000000001,225.82609318217726,267.7719539080513,267.8013398136719,256.2734680175781
2020-08-11 15:55,574.7,572.8923566878983,548.1587999999996,536.1246852939327,570.0447037739417,570.0749306828287,558.8543090820312
2020-08-11 10:25,666.2,699.0461538461537,668.0107999999999,639.8977935830907,671.2125089200989,671.2437113429239,665.1001586914062
2020-08-11 15:15,548.3,562.5453815261045,544.4267999999995,538.1919442673629,574.8077056291114,574.8412607641457,555.9219360351562
2020-08-11 11:35,728.3,762.3823529411765,735.8199999999991,743.8966696807132,772.7203551691164,772.7498470616217,759.0977172851562
2020-08-11 22:40,0.0,0.0,20.718000000000004,6.535922031102928,38.542889941232914,38.55012378874338,42.302398681640625
2020-08-11 09:05,472.0,440.2830769230769,458.27400000000017,427.19226901437185,455.7143721915625,455.7356773449794,455.525634765625
2020-08-11 18:55,46.4,0.0,34.997199999999985,10.121625811938799,48.317535999562324,48.32423782262549,75.30863952636719
2020-08-11 22:00,0.0,0.0,21.474800000000002,6.71997189672112,39.22120542118449,39.22841669541995,40.92514419555664
2020-08-11 11:20,668.0,699.0461538461537,674.2872000000007,638.2742420866887,665.4231971881102,665.4533050369347,667.6478881835938
2020-08-11 18:00,111.0,156.08704318936876,160.41,121.5133645170234,164.6112634452228,164.63688020218626,175.26406860351562
2020-08-11 05:20,0.0,0.0,26.273999999999983,4.692050529116841,33.531372912937,33.5370629456703,28.53264617919922
2020-08-11 07:15,81.5,6.023076923076923,59.468799999999966,6.312771376291693,38.8369452406815,38.84305890431111,68.77980041503906
2020-08-11 14:20,375.2,263.3,339.4072000000001,337.6396241404091,390.1369713649267,390.1752214142981,351.4531555175781
2020-08-11 16:15,316.6,263.3,341.0928000000004,332.2360580722313,376.6191523710539,376.65117106754417,353.06280517578125
2020-08-11 14:45,344.9,263.3,337.15000000000015,337.41323479693835,386.00726801134834,386.03489566545534,364.0109558105469
2020-08-11 04:25,0.0,0.0,26.895199999999985,4.882907334803434,33.776682568813385,33.78239393881509,33.20840835571289
2020-08-11 14:05,596.9,562.5453815261045,545.8011999999995,540.5191277631143,582.2997505458492,582.3319274443288,561.0759887695312
2020-08-11 07:40,133.1,149.54516765285985,153.40519999999998,109.60205816882336,138.44422744773703,138.4505720506923,165.26588439941406
2020-08-11 16:10,315.4,335.3,344.14840000000027,332.7288457497354,379.07444332472033,379.10918140872843,352.2212829589844
2020-08-11 19:05,37.7,0.0,31.455199999999998,8.343718109950544,44.023964819665906,44.03066205794218,56.16024398803711
2020-08-11 05:00,0.0,0.0,28.41519999999998,4.781227551691302,33.72126649167586,33.72698990774785,31.60689926147461
2020-08-11 20:45,0.0,0.0,18.211200000000005,6.4560508593054635,38.61006698457999,38.61721090262745,39.480777740478516
2020-08-11 07:35,128.8,149.54516765285985,151.09119999999993,109.03411692097526,136.29953412581762,136.30597297131143,167.8352813720703
2020-08-11 09:10,503.2,440.2830769230769,456.85200000000026,427.5856381344309,457.12859069981357,457.1519095477938,456.44403076171875
2020-08-11 00:30,0.0,94.1,63.27080000000006,6.286722943422291,37.273587870364565,37.27938931195811,38.8221321105957
2020-08-11 01:35,0.0,74.1,63.33720000000005,5.266120664851201,35.20465438666156,35.21040373031403,44.08690643310547
2020-08-11 11:40,743.9,762.3823529411765,734.1463999999991,740.7906488129316,767.2553388482524,767.2833966604439,762.8197021484375
2020-08-11 09:30,477.1,491.1333333333334,457.44239999999996,436.0980157093164,477.74773320705816,477.7856083628652,454.81573486328125
2020-08-11 20:20,0.0,0.0,24.868799999999986,8.165039406951507,42.52096003139792,42.528163656089646,44.74048614501953
2020-08-11 18:30,65.9,10.435714285714285,37.701999999999956,15.860423089086936,60.27707544946051,60.29825612620377,72.95996856689453
2020-08-11 18:20,78.9,10.435714285714285,41.09759999999995,18.370711427296243,66.22184066366582,66.24270625587249,85.34729766845703
2020-08-11 03:40,0.0,0.0,27.66479999999999,4.806159528413417,33.59676555760734,33.60205475597894,38.41437911987305
2020-08-11 19:35,10.8,0.0,26.096399999999996,6.780248981796348,38.656428479567296,38.66326294621385,47.91425323486328
2020-08-11 14:35,365.7,263.3,337.3276000000002,332.43271111106696,377.43040892663436,377.46320067718136,353.28369140625
2020-08-11 14:30,386.9,269.8,332.2440000000003,329.6639409624006,369.2766642252967,369.30624791725376,354.9487609863281
2020-08-11 15:35,612.9,562.5453815261045,546.5795999999992,538.994744027387,577.9079509774484,577.9418012674711,557.8466186523438
2020-08-11 00:35,0.0,94.1,65.24760000000006,5.38577582545139,35.450196275897355,35.45593014851843,47.93705368041992
2020-08-11 03:25,0.0,0.0,19.651600000000002,5.6431515890663775,35.61721021266396,35.62252612298704,29.004606246948242
2020-08-11 13:20,602.5,572.8923566878983,550.4911999999998,540.8465933001136,582.9192370844834,582.9572346399777,558.5520629882812
2020-08-11 03:20,0.0,0.0,19.4188,4.8241454524902,33.64095151718939,33.64624443083005,38.351016998291016
2020-08-11 08:55,321.4,323.9,335.3272000000003,315.9110525061793,337.8193614684047,337.8260259362566,355.18804931640625
2020-08-11 23:55,0.0,0.0,30.077200000000023,6.281500813326659,37.4581635576813,37.46537212011492,49.24797058105469
2020-08-11 23:00,0.0,0.0,28.055199999999996,8.212976206451373,42.77908773525917,42.786340316781775,43.44153594970703
2020-08-11 17:15,151.0,156.08704318936876,157.1832,111.16664265880014,140.65059743431792,140.6572963047115,163.6342010498047
2020-08-11 06:15,8.6,72.8,63.56279999999999,4.7011861385681755,33.647482033390816,33.653170701641585,29.512096405029297
2020-08-11 09:55,658.4,699.0461538461537,673.9004000000001,642.9602229732405,678.3265589671478,678.3647601054402,666.7061157226562
2020-08-11 03:00,0.0,0.0,27.919999999999984,5.424230350198087,35.921193270069296,35.92640179394107,30.552766799926758
2020-08-11 13:45,774.3,762.3823529411765,738.1387999999996,748.5749532839214,786.9922470993157,787.0352768521564,758.610107421875
2020-08-11 10:20,596.0,572.8923566878983,545.9232,537.6306435543519,572.5135773176052,572.547956761506,558.9359741210938
2020-08-11 13:15,418.5,464.7161870503594,463.71999999999974,435.8696284732632,479.8421016139627,479.8772464406068,457.39276123046875
2020-08-11 15:05,605.6,562.5453815261045,545.0955999999995,538.8603086123131,577.8595718465107,577.8904942414384,559.9265747070312
2020-08-11 19:15,31.2,0.0,32.60599999999997,9.825194589028968,46.07019883697757,46.07753918039489,65.42070770263672
2020-08-11 01:45,0.0,74.1,63.721600000000045,5.2569745077501295,35.23448511872391,35.24022868662874,45.822444915771484
2020-08-11 01:20,0.0,0.0,27.245599999999992,5.2591949967599305,35.107049439118896,35.11279963213423,43.25434494018555
2020-08-11 15:20,671.5,682.1985074626866,665.1655999999995,642.9070838375288,678.7460838222387,678.7830194048934,660.2774658203125
2020-08-11 12:40,933.5,1021.1,989.9108000000007,953.2196259882863,981.9507376157782,981.9890299521473,940.8541870117188
2020-08-11 03:50,0.0,0.0,26.895199999999985,4.929918346572919,34.10351520504943,34.10922428976082,37.56752395629883
2020-08-11 12:25,799.0,762.3823529411765,736.8763999999995,744.1353938312582,773.0016704172706,773.0312332442918,759.7276611328125
2020-08-11 11:10,651.9,699.0461538461537,676.262,638.3751937359428,670.3547962319669,670.3838426964934,666.8652954101562
2020-08-11 19:50,2.9,0.0,32.59239999999996,9.407625026153056,44.12076568395429,44.128106415973434,66.358154296875
2020-08-11 20:05,0.0,0.0,18.951600000000006,7.3695229186164966,40.861012980206965,40.868149938264196,40.782920837402344
2020-08-11 06:45,44.2,62.4,58.5708,6.950481727644274,40.02543904413349,40.031581969024046,34.979461669921875
2020-08-11 22:45,0.0,0.0,20.3624,7.068810596930348,40.287669072867374,40.29482475598007,45.59876251220703
2020-08-11 14:15,970.4,951.6090909090909,959.3695999999991,955.8813903937155,986.645531459317,986.6875598806714,935.4639282226562
2020-08-11 08:25,209.1,253.77471264367816,256.0560000000003,212.44548950253244,236.27230121901542,236.27845311280032,252.29217529296875
